1330 3
</s> -0.97469234 -0.5468946 0.599409
co -1.4622818 -0.8294089 0.56916475
om -1.49126 -0.8080081 0.5552482
ne -1.120179 -0.6365837 0.5710467
et -1.041082 -0.38159525 0.5195308
in -1.2596236 -0.9180931 0.6532547
or -1.3040509 -0.38766015 0.44884202
ec -0.66204643 -0.8821417 0.80933005
ac -0.5714047 -1.1367707 0.95585
cc -0.18845758 -1.0357865 1.1872072
an -1.469141 -1.0614142 0.6615828
rg -1.058449 -0.15536356 0.4565102
bc -0.3847967 -1.1238654 1.0978042
ad -0.5321917 -1.149763 0.9816121
dc -0.4339277 -1.1572698 1.0709021
de -0.47153115 -0.9587337 0.92751324
ba -0.5460952 -1.1766291 0.98298997
er -1.8890927 -0.97813654 0.53276706
sc -1.798942 -0.74647593 0.485187
da -0.46779174 -1.0076047 0.9862547
ca -0.3927877 -1.2539821 1.0867767
fc -0.23035365 -1.062285 1.1704001
ma -1.55774 -1.24254 0.7200343
ab -0.32695824 -1.0307509 1.0744622
fo -1.2603602 -1.0785127 0.73258877
al -1.5276039 -1.2534791 0.72530353
on -1.3972989 -1.1562679 0.72706664
oc -1.3163929 -1.0711424 0.6945547
nc -1.3206372 -1.1057901 0.6941963
ar -2.0169413 -0.96745944 0.52818805
re -1.7563231 -0.97207123 0.5519251
af -0.2373853 -1.3256925 1.3016286
ea -0.4870984 -0.9043689 0.9036991
bi -0.95665956 0.0035899845 0.45886844
te -1.7792523 -1.014718 0.5899828
to -0.87419826 -0.58193004 0.61239153
db -0.05079033 -1.1708276 1.3589951
ed -0.56135654 -0.943737 0.8752643
ru -1.8532495 -0.3591348 0.36857617
en -1.5822676 -0.93074524 0.56991357
bb -0.11029342 -1.0666792 1.2526003
li -1.6578025 -1.2222255 0.66476583
fa -0.18678752 -1.058991 1.166266
ce -0.33986133 -0.9100487 0.9718756
fd -0.079895586 -1.124264 1.3175421
me -1.5548624 -1.0302427 0.6264819
cb -0.05061927 -0.9492003 1.2672732
ou -1.5105237 -0.7817309 0.5425845
es -1.8915795 -0.9426551 0.53525084
cd -0.12133354 -1.146343 1.2973735
am -1.3999978 -1.125098 0.69926935
dd -0.224308 -1.17204 1.2471012
le -1.5744666 -1.1061038 0.6406605
eb -0.24884284 -1.0319616 1.1213233
bd -0.08309493 -1.2605262 1.4007939
ff -0.2091925 -1.229028 1.261921
rc -1.6837307 -0.70953465 0.4770554
aa -0.087445036 -1.2232629 1.348489
lc -1.3443416 -1.1624627 0.72136796
be -0.39843255 -0.9431398 0.96861345
fb -0.07544829 -1.2611434 1.4196595
nf -1.1611258 -0.9813844 0.7281863
st -2.1586893 -0.9788872 0.5171205
df -0.17404942 -1.2091554 1.2835104
bf 0.05131974 -1.1921927 1.4961424
cn -0.40790504 -0.8906003 0.94230485
cf -0.19479355 -1.3453801 1.3648514
fe -0.18567523 -0.7840401 1.0690327
ic -1.6074109 -0.7402951 0.49853498
ef -0.30223128 -0.9238776 1.0149585
kc -1.0261825 -1.073956 0.7977161
mc -1.0071299 -0.7083602 0.6550109
nd -1.1900084 -1.1235261 0.75534284
la -1.2999411 -1.2286257 0.75478613
tc -1.8130689 -0.74259984 0.50434065
iz -0.9787805 0.34938544 0.4424066
oo -1.3799878 -0.7886925 0.55201054
ee -0.30212498 -0.6841334 0.91159415
ra -1.7459654 -0.79515076 0.5104274
it -1.675204 -0.85270244 0.5501281
lo -1.4078012 -1.0432752 0.6588421
do -1.1815355 -1.1092205 0.75753456
ae -0.059280656 -0.8332277 1.1929927
na -1.207318 -1.1724999 0.7540852
at -1.4307913 -0.737339 0.5360019
uk -1.3231305 -0.5138195 0.51388735
ta -1.5907089 -0.78258145 0.516963
go -1.605471 -0.54182947 0.45493338
so -0.68765545 -0.3294367 0.6228502
mo -1.3001883 -0.7877638 0.5930534
po -1.7498726 -0.49972662 0.40782335
ck -1.1642232 -1.1566154 0.7735768
nt -1.7785726 -0.8134603 0.48648095
el -1.441433 -1.1067634 0.6772365
ll -1.4602039 -1.0137817 0.65734833
yc -1.6163198 -0.29846793 0.39730075
nl -1.2025278 -1.2591939 0.79376686
ri -1.8207853 -0.4686092 0.38277033
bo -1.0473948 -0.9792119 0.7006127
ro -1.7307334 -0.57882863 0.4409578
ws -0.6665122 -0.23827437 0.6080544
bl -1.1594399 -1.2220489 0.8161142
ka -0.95551497 -1.1252518 0.844132
ob -0.965698 -1.1193252 0.81209743
tr -1.700057 -0.6626323 0.46759108
di -1.490279 -0.7729944 0.5270915
no -1.2342463 -0.6715906 0.5541871
ch -1.3680307 -0.67025197 0.51638657
il -1.4256198 -0.6949801 0.52099884
od -1.0341055 -0.912256 0.7194166
ol -1.2512298 -1.008678 0.6925815
se -1.6756978 -0.56728995 0.4318088
si -1.6407044 -0.8427286 0.5385566
1c 0.21867956 0.27017036 1.3369527
ia -1.6825702 -0.760624 0.49030048
ng -1.6651642 -0.5955074 0.4535141
mb -0.9180361 -1.0616548 0.7931214
oa -0.9944632 -1.1171547 0.8064909
vi -1.5780749 -0.502257 0.45173573
ha -1.5023209 -0.66888636 0.4974746
as -1.7226181 -0.7918084 0.5036432
ti -2.2164242 -0.95715946 0.48448488
ao -0.88399756 -1.083334 0.81925
ni -1.62903 -0.56848025 0.44656506
of -0.9810107 -1.1976857 0.8517067
dn -0.8362707 -1.0806617 0.8529867
cl -1.0557829 -1.2049053 0.82088476
ld -1.0309048 -1.2709862 0.90079546
ak -1.0178556 -1.2559357 0.8626375
eo -1.0798534 -0.8302608 0.652881
bn -0.7803261 -1.0999855 0.90294194
nb -0.7425557 -0.86105865 0.8028551
hk -0.23766899 0.3195233 0.7877154
og -1.7131965 -0.6432675 0.44707048
ga -1.6578658 -0.71434796 0.46580252
ge -1.4486563 -0.5295229 0.47888404
uc -1.3956949 -0.22284666 0.3983167
mi -1.6130106 -0.4197153 0.4287979
kb -0.80575955 -0.94829285 0.83759207
14 0.16738218 0.7454948 1.2382833
ir -1.6994009 -0.5575143 0.4493056
ve -1.7541635 -0.6303401 0.45772937
1f 0.24374762 0.44574618 1.3336263
ai -1.4793824 -0.75600135 0.54451084
1a 0.19409011 0.43167233 1.2695603
he -1.6390195 -0.7057223 0.5062053
10 0.23889576 0.58298045 1.2800153
is -1.9178588 -0.6126466 0.41870138
gc -1.4906052 -0.14400318 0.38041335
13 0.26766104 0.524772 1.3632946
11 0.033269003 0.71994656 1.0487269
ho -1.6046393 -0.3553174 0.4113686
fl -0.94016683 -1.1472646 0.86395496
15 0.2992806 0.56623167 1.4608896
nk -1.1328756 -0.8640152 0.66556054
dm -0.8951163 -1.1460452 0.8923247
lb -0.78955936 -1.0984094 0.89957243
d1 0.27582943 0.40591168 1.3785946
19 0.2820262 0.54691035 1.3859123
un -1.4639646 -0.32631138 0.4279049
ew -1.1632224 -0.46621686 0.5306676
ke -1.2080866 -1.0203815 0.73650324
16 0.22391655 0.6498016 1.2856537
17 0.29817444 0.59485316 1.469487
e1 0.21957721 0.42676952 1.3168004
12 0.23910522 0.6501545 1.2887797
em -1.409105 -0.88086855 0.59853876
os -1.6583108 -0.41798913 0.40248272
ov -1.4948009 -0.2138641 0.39868867
f1 0.33515108 0.3592832 1.5153984
us -1.6503565 -0.48162305 0.41902146
21 0.2493394 0.696791 1.3645582
kf -0.7593602 -1.2979243 1.015175
fi -1.1849774 -0.8143197 0.61737114
th -1.8415093 -0.65131694 0.46468264
1e 0.2457391 0.39329103 1.3496151
id -1.2998456 -0.48409635 0.47189832
sh -1.7631681 -0.41694388 0.3917341
rt -1.696281 -0.6254944 0.47084153
31 0.25826204 0.6722441 1.3559014
01 0.25240836 0.4658269 1.3438989
io -1.6596606 -0.50614095 0.3991881
im -1.7976661 -0.6899322 0.48457074
ot -1.8222558 -0.76543564 0.44497362
dl -0.78260946 -1.097651 0.90727675
fk -0.81754243 -1.2944925 1.0156527
sa -1.4770066 -0.55676204 0.47943142
pc -1.5871112 -0.22135141 0.38635218
1d 0.22955868 0.50861114 1.307702
91 0.27350757 0.71353364 1.3994226
5c 0.37437242 0.028803788 1.6334965
nn -1.0177714 -0.8051251 0.66827023
we -1.1950934 -0.83641446 0.6518698
fn -0.83307564 -1.1334238 0.89344233
xc -1.2854998 0.15424567 0.3838845
rn -1.6565975 -0.5074238 0.42167383
7c 0.44466382 0.07586385 1.7774239
kd -0.8229536 -1.494061 1.0818894
b1 0.22718309 0.44919783 1.3226683
51 0.3264097 0.42829388 1.4583192
0c 0.49310362 0.027169205 1.8315477
dk -0.83296496 -1.3582072 1.0228832
ok -1.1770109 -0.7824297 0.58959323
pa -1.5443783 -0.5967568 0.4885203
ko -0.99058497 -0.80260074 0.6743449
op -1.607507 -0.3637635 0.3871416
8c 0.3658707 0.12537582 1.5950468
ap -1.7133926 -0.50795734 0.41638508
18 0.32252708 0.6237497 1.5095682
md -0.80483407 -1.0496268 0.8799646
tm -1.5561891 -0.7416985 0.5181048
4c 0.435744 -0.03252315 1.7578202
6c 0.4215959 0.119004644 1.6345298
fr -1.1712668 -0.5563505 0.5471673
lf -0.7749184 -1.1113096 0.9098941
d2 0.47837293 0.032644883 1.8403769
81 0.28947067 0.7267343 1.4075795
ur -1.8858378 -0.51248896 0.39343
61 0.2678157 0.5510961 1.4054403
bm -0.80237985 -1.2362611 0.94876015
ss -1.7444888 -0.39847982 0.38718903
c1 0.26932102 0.46723244 1.3624315
lm -1.1637642 -0.9375131 0.6875491
fm -0.7750364 -0.9070891 0.82768464
tv -1.4099126 -0.14607543 0.39624125
ie -1.1932341 -0.38514975 0.48979464
pr -2.1017683 -0.39363134 0.34203508
tk -0.12022322 0.14668465 0.90225685
pe -1.5328296 -0.54044217 0.47073525
jp -1.5691124 -0.08303529 0.3504393
ut -1.3341708 -0.3574028 0.4413083
ki -1.5107379 -0.54996186 0.4603199
67 0.5681708 0.29322356 2.0252872
ln -0.8206731 -0.5854718 0.67924136
41 0.2472044 0.7181869 1.3125997
gl -1.6523542 -0.565652 0.47602582
ay -1.4119902 -0.29534587 0.42309606
br -1.2969978 -0.5413972 0.513726
hi -1.7513812 -0.48312446 0.42459685
cm -0.89570475 -0.9714236 0.78968984
3c 0.40183026 -0.033161845 1.6584139
ci -1.3269365 -0.56431776 0.5024189
2c 0.29519802 -0.20522004 1.5292518
bk -0.7996385 -1.2344027 0.97354364
a1 0.27753735 0.38681957 1.3540161
mf -0.78569436 -1.1597111 0.9300912
71 0.24648252 0.64616174 1.3436612
36 0.5235271 0.23616213 1.9552588
9f 0.42415658 0.24634457 1.6408572
1b 0.15016481 0.5639361 1.1899171
sp -1.9005146 -0.53371906 0.41106123
69 0.5151166 0.21277955 1.9304253
2b 0.43862292 0.23378634 1.7325405
hc -1.4296817 0.025336519 0.38365176
ag -1.7050927 -0.6500776 0.46105123
ek -1.0345285 -1.0635577 0.7856148
ns -1.6114597 -0.48840442 0.43804434
62 0.4751937 0.35514215 1.7627984
f6 0.49113807 0.111210175 1.8981769
ub -1.2513144 -0.5881261 0.54177
d6 0.5164444 0.05114528 1.9530047
9c 0.3869168 0.1607395 1.5903525
2a 0.38863435 0.14307043 1.6725442
c6 0.44231224 -0.023024637 1.7543175
e7 0.4131288 0.35768047 1.6411431
pl -1.6652848 -0.31160253 0.37955314
00 0.45931986 0.21745437 1.7239958
ib -1.2425886 -0.40505844 0.46549237
24 0.289408 0.13390814 1.429734
e2 0.42804474 -0.01963418 1.7253754
70 0.6186738 0.25639355 2.117736
mn -1.0295961 -0.7168687 0.651688
f3 0.45898455 0.088267 1.779481
du -1.2104628 -0.14971943 0.42242676
23 0.3987543 0.16418529 1.6884562
a3 0.42179847 0.26223972 1.6262705
b6 0.5510223 0.25356653 1.9453205
3b 0.57212603 0.030810654 2.0730593
07 0.61047846 0.16901408 2.1148844
4b 0.4568002 0.010447048 1.7840464
e4 0.46988717 -0.043316063 1.8239614
0f 0.5551694 -0.04487782 2.0220883
c0 0.44492275 0.1588049 1.7321308
90 0.5271651 0.29341358 1.8689653
20 0.40198627 0.04113847 1.7163925
kn -0.92265654 -0.7006725 0.6729946
0e 0.47857842 0.093358554 1.8285116
mm -1.1110277 -0.61991346 0.5826215
7d 0.42802006 0.16130063 1.6869873
b8 0.41872722 0.13636926 1.6768503
78 0.55232674 0.31727156 1.9429741
75 0.57511646 0.2524477 2.0467396
4f 0.49724767 0.03483285 1.8699927
09 0.5472188 0.22873124 1.9566734
e9 0.5200417 0.19715399 1.8637158
7f 0.43516162 0.15484095 1.7140801
f4 0.47821635 0.015064116 1.7963862
ep -1.7119989 -0.515267 0.40635636
42 0.56030786 0.19985047 1.9818796
ts -1.5685464 -0.31093445 0.3865382
rr -1.741463 -0.40241987 0.3760642
2e 0.40585226 0.17995185 1.653028
98 0.5026801 0.29688686 1.8551183
40 0.54254115 0.49769694 1.9253286
56 0.5228064 0.33485225 1.9184494
06 0.55956197 0.23581356 2.0041544
89 0.499621 0.3368483 1.828303
44 0.5174724 0.4584219 1.8693398
94 0.53673804 0.29160058 1.9166245
a4 0.4836378 0.20784834 1.798877
63 0.5460168 0.22568208 2.0123067
6f 0.35518444 0.36530405 1.5086868
54 0.5239248 0.40176114 1.8927392
97 0.58866346 0.25565466 2.0453584
6e 0.50679153 0.044736363 1.9039603
f0 0.5957586 -0.04441862 2.1089845
eg -1.5611506 -0.22310498 0.35846168
b4 0.4916609 0.045493256 1.8837258
65 0.565101 0.05136934 2.0285454
vc -1.2151327 0.29370892 0.37114894
a8 0.46373022 0.21656798 1.7892022
8a 0.5689862 0.07123873 2.0059228
3e 0.5497086 0.0029606223 2.043628
e3 0.427814 0.075816095 1.6951776
99 0.40272853 0.3411501 1.7126207
pi -1.6033844 -0.26909918 0.36094558
3f 0.5243223 0.024395823 1.971611
d0 0.43537816 -0.0044779275 1.7657952
60 0.53233516 0.33779258 1.904919
76 0.516817 0.3003475 1.9349219
d3 0.44495898 0.27599862 1.7372701
tu -1.4546065 -0.48881677 0.45514408
80 0.49023497 0.377521 1.8056784
6b 0.46803683 -0.05417024 1.8616675
3d 0.34745932 0.022307128 1.5544423
95 0.49596554 0.30735916 1.7894416
ei -1.246419 -0.53493404 0.5001286
83 0.5303055 0.14921473 1.982518
92 0.52319914 0.25088906 1.9514707
6d 0.48558414 0.13629773 1.8589665
ow -1.2733176 -0.5024336 0.50779444
77 0.5847541 0.3585814 1.9986699
rs -1.5208608 -0.41023147 0.42927158
38 0.5872481 0.2878158 2.050769
wa -1.4223845 -0.5172766 0.47500172
9b 0.42971957 0.3279014 1.6674619
88 0.49717912 0.38604084 1.869455
9a 0.5100476 0.15978523 1.8687382
f7 0.45974457 0.2930262 1.7558522
f5 0.5744319 0.12369798 2.023759
7a 0.42850187 0.26271486 1.7568
29 0.55695975 0.16004395 1.9668227
iv -1.694596 -0.36747873 0.38334826
e5 0.47627595 0.10133773 1.7614093
8b 0.40366244 0.23135471 1.643892
0b 0.50184697 0.06541999 1.9120634
48 0.5433585 0.24138877 1.962912
79 0.45552438 0.14925976 1.7449946
49 0.4920497 0.20653982 1.8505484
wo -1.3497616 -0.114697985 0.43505707
wi -1.4065735 -0.2318761 0.4015839
8d 0.47690442 0.24101835 1.7287016
34 0.53304875 0.18432619 1.8899466
wc -1.327045 0.11124608 0.4068138
66 0.48551673 0.22629443 1.8419583
96 0.5182531 0.17329696 1.8909316
57 0.50067675 0.11846104 1.8588095
d5 0.43799782 0.079320714 1.7632533
82 0.49134946 0.300721 1.8897634
c9 0.4678647 0.123444065 1.7458806
a9 0.50220865 -0.010964226 1.8567652
ex -1.5505159 -0.30236956 0.39171606
e0 0.505329 0.16512944 1.8820906
4e 0.50934595 0.0035689436 1.9299189
a6 0.46730676 0.15388112 1.7772923
27 0.5277149 0.21591409 1.8363712
b3 0.55542845 0.01370661 1.9963386
gr -1.6824794 -0.34980163 0.36127794
37 0.60281056 0.17064202 2.1109576
72 0.5527297 0.074414745 2.0005634
53 0.5170357 0.32838312 1.8811166
c7 0.5269081 -0.05402275 1.9499497
c3 0.5378848 0.0579698 1.9390825
b0 0.5633795 -0.08584419 2.0208826
58 0.5378708 0.30067575 1.96686
b9 0.4552023 0.3137122 1.7141593
bs -1.1161991 -0.7612446 0.65008223
2f 0.451496 0.04376631 1.759088
35 0.4321604 0.3217213 1.6967341
74 0.4930381 0.4617492 1.825891
b2 0.45213515 0.15583177 1.7367537
ip -1.6540836 -0.22110976 0.35179153
eu -0.9320601 -0.5992392 0.61788595
86 0.5720261 0.11289105 2.0621278
f2 0.43486798 0.26186252 1.7137163
mt -1.3410234 -0.17518878 0.3986441
b5 0.5500201 0.051211264 1.9883956
mp -1.3303676 -0.27702492 0.420278
2d 0.41721258 -0.075681455 1.7429967
26 0.5231501 0.33094138 1.9106419
oi -1.5784541 -0.4145648 0.40410352
c2 0.40840062 0.10329126 1.6978803
a7 0.56002283 0.14166284 2.0076833
04 0.50003546 0.324807 1.7636777
3a 0.5100509 -0.041195072 1.9088174
6a 0.4223007 0.15484396 1.6838229
64 0.5282228 0.41021627 1.8721908
c8 0.48286858 0.18568748 1.8194284
b7 0.49713632 0.049542673 1.8560688
87 0.48820662 0.50911134 1.7579017
47 0.45148963 0.30861205 1.7620426
sn -1.1427689 -0.0633319 0.44098687
03 0.52811235 0.24209303 1.8945141
a2 0.51512986 -0.10207841 1.897366
5b 0.43531826 0.13254215 1.6948572
33 0.5656688 0.2856964 1.9791877
4a 0.45137966 -0.0050816983 1.7758076
0a 0.53551936 0.055813093 1.9464217
22 0.5613925 0.17211188 2.0317464
yo -1.2136607 0.009734302 0.38673368
50 0.48833692 0.1308716 1.8191636
43 0.55214274 0.2252171 1.9901755
39 0.4957973 0.17067036 1.8083427
rk -1.4348129 -0.016013406 0.36709848
7e 0.4895697 0.09574999 1.866947
32 0.4810686 0.34627506 1.7338957
lk -0.9504179 -0.775816 0.7290604
73 0.4011696 0.3825912 1.6556183
59 0.4289873 0.383601 1.6906753
52 0.56616515 0.23393452 2.00463
f9 0.5149175 0.12718877 1.8927561
05 0.52983284 0.36588937 1.92027
9e 0.5140254 0.11567225 1.9420907
ct -0.9666345 -0.43563664 0.5457678
d9 0.4517302 0.1747142 1.7769054
0d 0.5504696 0.17950061 1.9546294
au -1.3777373 -0.23015463 0.39418408
rd -1.3746748 -0.29212865 0.4278037
68 0.4592796 0.45809966 1.7561874
5f 0.5074768 0.08816226 1.8932717
c5 0.42101672 0.017775286 1.7600882
55 0.54286814 0.20657411 1.9169219
av -1.5496603 -0.09342022 0.3530764
5a 0.47674444 0.13786569 1.7831151
93 0.46012235 0.26919222 1.7440063
45 0.49222812 0.27037382 1.8510439
qc -1.4203628 0.5781466 0.34894663
30 0.47858134 0.21766534 1.7956783
kl -0.83385265 -0.6815411 0.7001165
02 0.6229328 0.11096157 2.1532269
gi -1.6368892 -0.27935648 0.37662324
5e 0.46072328 0.16015589 1.7803884
ig -1.6873 -0.15861247 0.34321493
9d 0.47804192 0.1089111 1.8028955
f8 0.51449627 -0.022766963 1.9721375
e8 0.41778547 0.091280684 1.6911758
my -1.4189779 -0.0516519 0.36574912
d7 0.42568287 0.016454253 1.732105
d4 0.45472258 -0.022211663 1.8119075
28 0.59132 0.2199022 2.0696135
e6 0.52135515 0.12743425 1.9536014
84 0.48235607 0.34460697 1.8226188
25 0.6317804 -0.041630965 2.2574747
4d 0.4722466 0.11287321 1.7853245
km -0.71750784 -0.69526833 0.76768154
c4 0.5691557 0.08483668 1.9643992
8f 0.5293165 0.17240115 1.9037998
oe -1.0031496 -0.7175564 0.64034295
cr -1.3775887 -0.26268497 0.43638793
tw -1.3616238 -0.15836221 0.411453
46 0.5170702 0.14456418 1.9868169
ly -1.4327607 -0.36666018 0.41347206
su -1.8167679 -0.1578086 0.3209066
tn -1.2514912 -0.11296475 0.40700224
ds -1.1706655 -0.30118364 0.47158122
dr -1.3436843 -0.20571549 0.40840185
7b 0.512191 0.07815608 1.8534319
ml -0.9127501 -0.5918222 0.6397966
08 0.55658686 0.33305258 1.9795802
a0 0.5467276 0.08760373 1.9112823
tt -1.4486305 -0.29302204 0.412897
d8 0.4925845 0.19044499 1.8252697
lu -1.5501788 -0.22924037 0.3735216
sk -1.440535 -0.106168285 0.38486928
a5 0.46391177 0.15985407 1.832609
ya -1.3848563 -0.17842616 0.40631133
kr -1.4159327 -0.12431356 0.36333483
85 0.5657022 0.2582842 2.0026522
jc -1.2608575 0.42513195 0.36662942
nm -0.90759885 -0.8752268 0.73397183
rb -1.1656712 0.031031469 0.41579854
ua -1.3649697 -0.18562861 0.40481347
8e 0.49608186 0.054088842 1.8540735
ks -1.4212416 -0.28885174 0.41837546
mu -1.779179 -0.20609972 0.346331
oj -1.3712643 -0.03451656 0.3639132
bu -1.2805161 -0.07291935 0.4243582
wn -1.2350743 -0.17463458 0.432512
ik -1.3452961 -0.2128782 0.41804174
ja -1.1905057 0.05391504 0.4091475
ty -1.376244 0.11503239 0.36023644
pp -1.5581888 0.1666388 0.31370366
ud -1.2261852 -0.20681734 0.4235626
va -1.402528 0.1023646 0.33965108
kk -0.9427304 -0.7646389 0.6877843
mk -0.90198076 -0.5353125 0.64227027
ys -1.5601367 -0.13087931 0.34280628
ui -1.5211935 -0.003572397 0.3366773
uo -1.545079 0.09443466 0.3363371
ue -1.2830577 -0.13693573 0.39369288
ls -1.3601719 -0.22495428 0.40601525
zc -1.1409756 0.40476263 0.42048258
ah -0.9481922 0.08570295 0.46258247
5d 0.55891544 0.07095069 2.0134857
hu -1.6919882 -0.02030119 0.32742763
rl -1.5127503 -0.29458398 0.3952099
ry -1.4962558 -0.23382774 0.37537086
hd -1.0236921 -0.08114275 0.46209309
ny -1.206106 0.15056807 0.39277124
sr -1.6827286 -0.06965101 0.30858234
lt -1.4943035 -0.34335372 0.41658288
az -1.2105571 -0.20333399 0.454116
ul -1.5772895 -0.06873091 0.33564335
aw -0.84694153 -0.26345608 0.5472668
vn -1.3656079 0.2403497 0.35099536
sb -1.1312641 0.003933767 0.43150103
xn -1.1805756 0.56724817 0.35801077
yr -1.2806163 0.54743326 0.3177644
eh -1.0810261 -0.022006603 0.43161243
jo -1.381382 0.15496734 0.32130757
um -1.6714885 -0.17652786 0.37678486
ft -0.9652951 -0.4400041 0.5526309
tb -1.310613 -0.21077481 0.39395258
sl -1.221253 -0.20584199 0.42128068
ji -1.3659984 0.24650165 0.34587628
yn -1.3293043 0.14125374 0.36257195
gu -1.6122487 -0.24112338 0.37501693
1t -0.22538133 0.8971546 0.84197867
up -1.4293063 -0.10667694 0.37602878
sm -1.2911699 -0.050245732 0.40125707
ev -1.3159707 -0.108255796 0.40865928
ox -1.3540593 0.05426339 0.3586228
yt -1.581151 0.09463 0.32277092
ms -1.4286678 -0.08574177 0.36419326
cu -1.356386 0.023313912 0.36780202
ps -1.4639611 -0.012643494 0.37151664
tl -1.204184 -0.08053099 0.42511228
zo -1.1304661 -0.0502681 0.455449
qu -1.2855505 0.2688861 0.3468479
xi -1.5550249 0.02012801 0.3531084
ug -1.5458294 0.20745549 0.31596112
pu -1.4301755 0.1014962 0.35375506
cs -1.3090899 -0.012760989 0.36314118
ye -1.389982 -0.008049034 0.36592066
vo -1.2298932 0.1539902 0.37486315
pk -1.2174621 0.3099226 0.36702853
dt -0.8903117 -0.06403743 0.49358112
if -1.1395013 -0.3826716 0.4932508
xb -1.135638 0.57126164 0.40261865
tf -0.8534579 0.028088607 0.49749708
ht -1.4461162 0.03224044 0.33274293
1w -0.51519245 1.2771258 0.7458643
iu -1.4902158 0.10873636 0.33925796
gn -1.2872436 0.3450561 0.34212214
ph -1.4312615 0.15870138 0.3359272
ij -1.2288827 0.39668125 0.34241086
1n -0.5825388 1.0161811 0.6351369
oy -1.2818687 0.20460333 0.3793558
bt -0.78912485 0.14504322 0.5061643
gh -1.647523 0.25053352 0.30493528
ku -1.2949107 -0.13042909 0.405384
dv -1.4346753 0.03046957 0.3618378
vr -1.5635567 0.32518303 0.3419552
rm -1.3156734 -0.15626304 0.38371924
yi -1.373571 0.110127136 0.34051877
1i -0.40337577 0.9664779 0.72932434
hr -1.5067223 0.16927186 0.3228859
gs -1.483567 0.06049663 0.34171683
rv -1.5813167 -0.13099352 0.34206346
1g -0.538774 1.0823636 0.67711186
pw -1.7998614 0.4240198 0.26134893
gg -1.3879515 0.2651989 0.32139456
ey -1.3504986 -0.027081024 0.3777915
sy -1.544676 0.042780083 0.3352776
kh -1.4410187 0.06463482 0.34502363
hn -1.2154822 0.3488514 0.35452047
fu -1.1158272 -0.1881403 0.47240588
dh -0.9329605 0.31842366 0.45388538
sg -1.3870744 0.14344619 0.35336605
bh -0.8940768 0.34012175 0.46972284
1s -0.44136527 0.8303149 0.7108346
nv -1.2534493 -0.12308651 0.4003962
xp -1.5479785 0.09409098 0.2961343
xx -1.293914 0.7253345 0.34995657
pn -1.1447277 0.10910125 0.40282804
qi -1.2550229 0.50842446 0.36800787
gb -0.8793962 0.3939997 0.46744883
ww -1.4669002 0.6576978 0.32618114
by -1.1990619 0.12215039 0.38761276
bw -0.7896112 0.38424224 0.5118526
gd -1.0090667 0.22849846 0.44579843
gm -1.5561649 0.1997368 0.31625962
pb -0.97181535 0.39462137 0.42628843
nu -1.2620928 0.12865864 0.38026333
kt -1.2844616 0.08515239 0.37873042
dg -1.3026475 0.15858755 0.3834448
fw -0.706595 0.07504298 0.5689385
1u -0.46386275 1.1516664 0.7400736
dp -1.2115597 0.3327027 0.3856341
s1 -0.40714204 0.93623537 0.7020932
pt -1.6599419 -0.23957504 0.36085203
vb -1.0509604 0.5923352 0.43898416
1q -0.5070375 1.2637945 0.73420733
za -1.0719751 0.079218104 0.44285712
1y -0.5452384 1.2214978 0.6953568
lx -1.4544948 0.43151963 0.31370902
gf -0.92572033 0.34337255 0.464386
ix -1.4728389 0.20363383 0.3404263
uf -1.1460707 0.0024429262 0.43429825
vt -1.5818338 0.3331152 0.29045153
1x -0.61245227 1.1006491 0.6379159
sf -1.4433053 -0.39739376 0.44297597
qn -1.2642894 0.42302883 0.3671019
ej -1.4281647 0.16891818 0.32930118
1j -0.51097625 1.2666192 0.72822857
aj -1.1518478 0.39846277 0.37446907
cw -1.0287721 0.24932224 0.44793147
iw -1.4605155 0.0989107 0.3401474
rf -1.2612306 -0.0419918 0.40093446
yg -1.3470881 0.5064114 0.33162498
yp -1.4862059 -0.05766634 0.37486315
hs -1.4119793 0.33003202 0.33806863
yb -1.1901916 0.09922932 0.40638137
kp -1.3614018 0.2526538 0.3218858
rp -1.5253096 0.23190072 0.30850524
tg -1.5362463 0.025666175 0.34190604
wb -0.96875983 0.4272587 0.43637702
yu -1.3809593 0.39473748 0.35776502
vu -1.3320053 0.49635136 0.35268843
nr -1.4243854 0.18990353 0.3348552
nx -1.190388 0.43400797 0.3794704
xd -0.88524103 0.45344335 0.47942036
1m -0.5012415 1.0430104 0.67151535
uj -1.4345415 0.6737132 0.28924087
xl -1.3714031 0.5354232 0.33431083
xo -1.198484 0.45975208 0.3780565
1h -0.4357829 0.98619986 0.73948157
dy -1.3192623 0.13903843 0.38580135
1v -0.6615642 1.2698761 0.65756214
ym -1.4991722 0.15027887 0.33406878
lh -1.3178275 0.22958618 0.37075675
bg -1.1945312 0.16830929 0.39507782
pd -1.1092083 0.011314469 0.4305725
vx -1.3059552 0.7757065 0.37091225
td -1.341435 -0.16552672 0.41491097
lp -1.4183375 0.22288397 0.3408233
vs -1.4347115 0.23049863 0.33922243
mr -1.4904993 0.3219622 0.31192282
vl -1.4050014 0.4946435 0.34435663
vf -1.116038 0.3064228 0.42619252
fs -0.8011619 0.24737331 0.49150723
rw -1.5272219 0.22257373 0.30785683
lw -1.1326067 0.056268554 0.43545395
ju -1.4119933 0.30272684 0.31454217
tp -1.3162344 -0.009657297 0.360727
gt -1.5521514 0.016075192 0.32098374
mg -1.2492179 0.17595986 0.36754942
nw -1.2798988 0.09724585 0.39994195
zi -1.363678 0.23559062 0.35185605
yk -1.6085447 0.22916502 0.3309801
lv -1.2223576 0.21910025 0.37424624
dw -0.962184 -0.18272176 0.53953093
1p -0.59526014 1.1597391 0.68153095
wh -1.3858821 0.26856175 0.34495738
lr -1.2282792 -0.0005467329 0.39241812
xy -1.614254 0.37028748 0.2981594
ky -1.4243516 0.15430504 0.3367045
dj -1.1196723 0.43666095 0.40643707
jm -1.3156972 0.5363363 0.34564835
sd -1.2347107 -0.09560516 0.4144256
qx -1.4209558 0.63955677 0.3542291
yd -1.2658122 0.28791404 0.35572678
qo -1.4149466 0.4989429 0.34056908
qb -0.97297585 0.50094837 0.4665369
xs -1.5750539 0.50956905 0.30018142
pg -1.466357 0.2512353 0.31352097
pm -1.2158368 0.25280663 0.40429845
mh -1.2697654 0.3770151 0.35071534
jr -1.2439806 0.5780819 0.3619203
sv -1.2535751 0.6190817 0.34917727
vm -1.2546616 0.32892886 0.37945288
iq -1.3296375 0.4963802 0.36014807
xt -1.4892259 0.09234631 0.34079665
y1 -0.4628328 1.1129847 0.7218223
o1 -0.4857637 1.3670069 0.80042815
ii -1.4483299 0.099892415 0.35154754
ql -1.3221078 0.33244035 0.35398555
np -1.511821 0.10389975 0.36469463
vd -1.3252192 0.25880355 0.34662816
wg -1.3301566 0.6035259 0.35526276
mx -1.3750757 0.15918119 0.35886642
vg -1.2015404 0.6582049 0.37919217
qf -1.0349025 0.47747546 0.42857948
yq -1.3498352 0.7921039 0.34223843
nj -1.3669573 0.48276484 0.35054958
yh -1.4460266 0.57522357 0.29887992
hv -1.3089772 0.81455284 0.36822718
xm -1.3152972 0.5064777 0.34121555
fy -1.4178147 0.28338623 0.34771442
hb -1.1253848 0.25423354 0.40956765
xu -1.5306587 0.3843015 0.31518766
oq -1.5857241 0.37489983 0.31644037
n1 -0.3842236 1.1608757 0.77692115
u1 -0.5686706 0.9327182 0.636014
wy -1.6882294 0.47015393 0.29969105
wu -1.3251088 0.5575564 0.33863938
xk -1.1681032 0.29781628 0.4127783
lg -1.1973695 0.25109577 0.37013578
gv -1.4543499 0.57297075 0.32774994
wp -1.2963879 0.3878392 0.33619615
hq -1.3163097 0.7806428 0.36056405
wd -0.9257137 0.3935036 0.46966845
cg -1.2138081 0.30870038 0.364621
nh -1.4225897 0.12568049 0.3488091
cx -1.161311 0.541448 0.39754173
sq -1.5188699 0.30975527 0.32847378
jq -1.4748838 0.96534115 0.3234899
uy -1.254056 0.3902342 0.37110043
tx -1.138741 0.6257594 0.41212606
je -1.0806105 0.1923109 0.41183573
xv -1.4442294 0.61058426 0.31620342
i1 -0.44088936 0.8034296 0.69226855
rq -1.6328969 0.46309027 0.29861808
ax -1.3315555 0.2374365 0.3541599
hx -1.2445285 0.6049322 0.3797751
oh -1.2907423 0.13016342 0.37234434
vh -1.3321126 0.7748578 0.36822844
hm -1.426441 0.29005843 0.3356229
gx -1.300602 0.80964595 0.34983492
mw -0.9798388 0.23193625 0.44103935
yw -1.3162163 0.47341174 0.3429901
qr -1.7409966 0.62207156 0.2653445
xe -1.292648 0.48526096 0.33936453
wk -1.1262469 0.3516294 0.40305167
sj -1.217079 0.4216777 0.36530292
x1 -0.6292411 1.237559 0.63001436
js -1.548768 0.63926315 0.30604523
sx -1.3766435 0.46106344 0.3452012
mv -1.3786786 0.4133504 0.32526916
kw -1.3574892 0.39735174 0.3533436
bp -1.3275342 0.22493656 0.35372216
sw -1.2308621 0.36840695 0.3555222
yx -1.2141936 0.8397791 0.38929188
1r -0.49749956 1.1138055 0.6978968
jb -1.0156279 0.39953426 0.44775143
kv -1.2158945 0.576813 0.38622448
qq -1.5492333 0.9122195 0.34057796
nq -1.2674139 0.4548352 0.38764915
h1 -0.41255918 1.1884925 0.77747875
vk -1.4228909 0.4734714 0.3270017
xq -1.5303807 0.7736771 0.29203126
py -1.6252377 0.3169023 0.31192175
wr -1.4292488 0.286341 0.34157303
qa -1.3349798 0.31461328 0.3760935
wt -1.1842073 0.52081364 0.38256413
jn -1.238091 0.5351291 0.38462377
wv -1.2459314 0.747525 0.38731393
l1 -0.5119179 1.0662664 0.69107354
bx -1.1165493 0.36948603 0.4093113
cp -1.1037093 0.31470048 0.39606804
ih -1.2543561 0.3158051 0.3527984
yf -1.1557719 0.20419224 0.42151308
gp -1.3580334 0.57491356 0.3309033
gw -1.2450267 0.52095675 0.35939696
t1 -0.49225217 0.96875226 0.6859302
vq -1.359144 0.77826124 0.34679925
rj -1.2305813 0.42934704 0.3621893
fh -0.98898906 0.42812106 0.4467166
z1 -0.5565729 1.2364821 0.6891477
v1 -0.51002073 1.2771013 0.72448826
ze -1.1095856 0.072016075 0.42306966
yl -1.5966339 0.3552032 0.3018207
pj -1.6056187 0.75392294 0.27019626
hg -1.3761868 0.6581479 0.3263898
r1 -0.4851551 1.0968173 0.73674107
1l -0.44069478 1.1248804 0.75717527
wl -1.3396271 0.26690534 0.3163368
vv -1.1337065 0.7824154 0.401577
qk -1.2265922 0.5470395 0.3705488
hp -1.3415693 0.55921865 0.3256257
wq -1.3926418 0.94946533 0.369859
wj -1.1297581 0.89766634 0.39724576
vj -1.394187 0.73253363 0.3527838
kx -1.1862378 0.45650533 0.38839647
xr -1.3165708 0.40427414 0.35029992
oz -1.2332823 0.1650357 0.39089227
fq -1.1564453 0.5316536 0.40247962
1k -0.49393943 1.0888191 0.72580934
yv -1.3385636 0.59868294 0.34708872
bq -1.0882959 0.4775867 0.41203928
hy -1.3346388 0.49746045 0.36519092
tj -1.3914092 0.56237924 0.33267894
qe -1.2685752 0.38780174 0.3882984
xf -1.1334387 0.15925747 0.4171243
qh -1.5188544 0.7188381 0.31195775
wf -1.0025752 0.35690272 0.45268017
yj -1.4093177 0.50322074 0.34179246
uv -1.3308557 0.7525318 0.34696105
rh -1.6060811 0.36889702 0.29278913
qm -1.2376529 0.6362641 0.38616046
gj -1.3378175 0.57253146 0.35237736
kq -1.1725736 0.4132164 0.40529975
qy -1.3182504 0.78475463 0.3459195
jf -1.096853 0.55255723 0.41820517
1o -0.4360189 0.90098166 0.7072892
lj -1.3593304 0.48927844 0.32632545
pv -1.597785 0.824409 0.29155093
uw -1.3378866 0.4945417 0.34350282
uz -1.3005165 0.66546667 0.35077816
hw -1.3357093 0.705997 0.33486927
jk -1.6053679 0.51702976 0.3243812
vy -1.306287 0.62255776 0.36188987
j1 -0.5874196 1.0902234 0.65618914
fv -1.2240392 0.45426935 0.38259426
wm -1.3258975 0.3162799 0.3603729
pq -1.6635973 0.689582 0.2965591
jd -1.1186153 0.48253876 0.39548308
jw -1.4713126 0.76928484 0.32072306
xa -1.2033901 0.33668813 0.38517934
vp -1.5964879 0.6063035 0.2684974
fx -1.2507918 0.42138776 0.37518042
p1 -0.5440276 1.0134876 0.65032804
jt -1.4831331 0.5908112 0.31046373
m1 -0.45883375 1.1442875 0.75107217
qt -1.3457898 0.5847028 0.35019007
xw -1.1765981 0.5895411 0.3877144
qj -1.4508653 0.69305015 0.32428733
fj -1.3641264 0.426382 0.37015072
lq -1.5796537 0.50120974 0.30880353
cj -1.0283124 0.37653452 0.4431228
jj -1.2206908 0.657592 0.37464938
cv -1.4577308 0.48405075 0.33949378
gy -1.4186122 0.30354497 0.3272212
wx -1.2642796 0.50924593 0.37752596
eq -1.3940754 0.28871006 0.34087104
qd -1.1048341 0.5243465 0.41626734
ux -1.6791322 0.41679052 0.2782162
qw -1.4827464 0.87499326 0.3457807
hl -1.169627 0.3016338 0.39956027
xg -1.2366507 0.6213561 0.3742891
hh -1.2306454 0.8118987 0.37320045
cy -1.1956475 0.15867403 0.37525812
hj -1.3328216 0.53441954 0.33537078
bj -1.140743 0.5437384 0.3840691
jv -1.30632 0.9711453 0.3692189
fg -1.0206429 0.2936021 0.45262825
px -1.2833571 0.5944383 0.35329586
hf -1.00265 0.28505096 0.42595488
cq -1.2132431 0.5090528 0.37381783
uq -1.37407 0.7485847 0.32905704
mq -1.2512629 0.5181155 0.37235638
dx -1.2359154 0.58389807 0.36861843
yy -1.2587227 0.5487587 0.37911302
zh -1.2196383 0.6455488 0.36643538
jy -1.5053525 0.60751396 0.34826377
w1 -0.5411156 1.123513 0.69015324
g1 -0.5091407 1.228039 0.7186593
jl -1.0522289 0.700213 0.42232567
aq -1.2106045 0.40763417 0.39493397
xh -1.3726457 0.56180775 0.34751192
ez -1.2646307 0.39415395 0.37448367
uu -1.3912761 0.6027269 0.31356096
k1 -0.5078109 0.9810521 0.69683313
jh -1.0968444 0.7935176 0.4091645
qp -1.4808352 0.49447048 0.32053867
qg -1.4873453 0.62997663 0.30530107
zz -1.4263428 0.80537957 0.31525537
bv -1.117466 0.5377675 0.41745058
fp -1.2947911 0.36153078 0.38036254
kg -1.396147 0.26247194 0.35241142
rx -1.4595966 0.62918156 0.3150745
qv -1.3088702 0.81073666 0.3537384
gk -1.0205089 0.20460948 0.4657454
uh -1.3797803 0.5970102 0.33117005
qs -1.5222645 0.6842196 0.30476087
nz -1.0905308 0.48935896 0.3840145
q1 -0.5190566 1.3326215 0.7502141
kz -1.0289723 0.73902845 0.4197633
jx -1.3439456 0.6478432 0.35730425
iy -1.1084778 0.2577461 0.4028968
tz -1.2531711 0.6217691 0.36096632
pf -1.3719821 0.29798585 0.35775357
gq -1.274687 0.6314775 0.36255547
cz -1.0315319 0.55220246 0.42794695
jg -1.4157529 0.8028555 0.33379573
zn -1.1920002 0.5981739 0.38329354
jz -1.3195055 0.9776391 0.39473033
zw -1.3623699 0.99563986 0.37536696
vw -1.466775 0.6623781 0.32980955
yz -1.1346177 0.80235934 0.3943073
mj -1.2628725 0.6140899 0.36419612
zd -0.9245993 0.5972485 0.446464
wz -0.9383451 0.8531731 0.46639487
tq -1.3416902 0.42688912 0.35414654
qz -1.2212967 1.1596692 0.4230107
lz -1.4451066 0.66633594 0.32987705
zk -1.0900924 0.62960017 0.41767746
vz -1.2581946 0.9247029 0.38087296
dq -1.2704306 0.5375378 0.37559062
sz -1.264651 0.49059248 0.36599997
xj -1.3920199 0.51826197 0.35113695
zy -1.5222043 0.68988025 0.31557518
zb -0.8387619 0.69441515 0.47641078
zu -1.3090638 0.5135274 0.35486633
zf -1.0769216 0.67125463 0.4211042
zr -1.0934901 0.8134025 0.4123146
bz -1.1161276 0.6358607 0.40633422
hz -1.1077447 0.9661069 0.4322043
zv -1.350174 0.80842334 0.34897155
zg -1.1119409 0.8726772 0.45203662
3n -0.4471192 1.0241736 0.7437948
e- -2.3044193 -1.6332223 0.76211274
zl -1.0388381 0.34919786 0.41386515
kj -1.2329086 0.33828175 0.38059217
zm -1.2816751 0.50373584 0.3624189
zt -1.4565072 0.71946216 0.34977674
3o -0.40409538 0.78202736 0.6919308
2i -0.0748692 0.9635091 0.98942274
mz -1.2116936 0.61222625 0.39035773
5t -0.02573101 0.6415977 1.0268366
rz -1.1487451 0.6213228 0.3598638
9t 0.08128025 0.52794003 1.0942498
0h 0.0083632525 0.99966514 1.0313207
gz -1.3293481 1.0599366 0.35644418
zs -1.2010067 0.89423484 0.38317287
4s -0.29226652 0.81614465 0.74979776
4t -0.077047214 0.6818695 0.93643516
u8 -0.36928132 0.82859236 0.73362815
t2 -0.37252706 0.6961497 0.7041212
2m -0.47851515 0.9875587 0.70946383
4u -0.5737664 0.7603689 0.5803948
dz -1.0049833 0.6021973 0.4429114
7o -0.38813794 1.0149107 0.74550045
8t -0.050209884 0.75375664 0.97842896
fz -0.7820362 0.84815586 0.49782714
5i -0.21603425 0.80108976 0.8685346
zp -1.4358519 0.67545974 0.301737
3h -0.025629275 0.8889285 1.0437777
2w -0.13597623 1.1798724 0.9663305
6n -0.25206038 1.0080686 0.86065376
1z -0.6592255 1.5024811 0.69172925
pz -1.1508461 0.9641681 0.42641667
5n -0.4000283 0.96656656 0.7566272
8i -0.062246166 0.84138477 0.94317555
zq -1.1532515 1.033607 0.43830088
zx -1.4391817 1.0262165 0.34631553
5s -0.07822115 0.8615372 0.9850226
7n -0.34607816 1.3144115 0.8556981
5h -0.08867267 0.96194184 0.96145535
6h -0.25698927 0.98543537 0.8249665
2t -0.066890895 0.4118317 0.95590985
8n -0.39661396 1.0758448 0.7548694
s2 -0.35685837 0.46594477 0.6890708
0t 0.0595214 0.5690253 1.0570462
w8 -0.32654506 1.197785 0.8213367
n5 -0.31956825 0.87656814 0.7981199
9w -0.21534634 1.0833865 0.91358393
g5 -0.50104535 1.161803 0.70408386
3t -0.060493335 0.68297994 0.970628
2o -0.5305374 0.8820189 0.6460928
0s -0.15250348 0.79601043 0.89631104
m7 -0.32617813 0.9919449 0.8023147
r2 -0.29625386 0.91766727 0.77021575
i9 -0.25369802 0.91228795 0.8478422
j7 -0.45474106 1.1529326 0.7537319
9h -0.27078786 1.1236001 0.8249041
6k -0.39694372 1.3192265 0.7732919
5w -0.23904908 1.0658472 0.85645294
i7 -0.2792075 1.1871233 0.90206575
9i -0.19802266 0.8179947 0.85772264
t- -2.5164852 -1.951646 0.87763435
m5 -0.3057706 0.85134876 0.82462955
y2 -0.42701277 0.70275015 0.70565385
0i -0.26629147 0.78980285 0.772782
4h -0.40104535 1.0522488 0.7251993
xz -1.1270361 0.894619 0.42805815
7i -0.45288014 0.8966537 0.69468355
r6 -0.3254287 1.1011195 0.83629894
7s -0.20258282 0.84695864 0.8340807
g8 -0.40723345 1.3354017 0.8286308
k8 -0.3012475 1.2666962 0.88764584
n9 -0.36794966 1.105588 0.79781747
w3 -0.44978628 1.0324681 0.7103403
6i -0.015232585 0.6405913 0.9875001
o2 -0.39646077 0.90786487 0.70064765
8w -0.1268524 0.86488926 0.9149343
u9 -0.36861902 1.3031807 0.81866395
7t -0.06466656 0.5190966 0.95724696
i2 -0.39709085 0.51788294 0.7098035
v9 -0.43312064 1.1828156 0.77200955
2n -0.2705441 0.97406685 0.82335675
k4 -0.26838815 0.7411752 0.7970888
3s -0.28399664 0.88045543 0.8021293
6w -0.1992012 0.9495992 0.8679687
z9 -0.42209068 1.3349023 0.84082246
x6 -0.65697837 1.3816458 0.6558153
o6 -0.24106665 0.92963266 0.84270614
6t -0.09026661 0.77657604 0.9626926
k9 -0.40833765 1.249079 0.7983969
4o -0.41647953 1.0212101 0.7252843
9o -0.4354408 0.9248142 0.6911597
m0 -0.32177615 1.0635924 0.80733764
s5 -0.14682728 0.9551147 0.928848
y7 -0.35674584 1.0074294 0.7696258
3j -0.542979 1.2633758 0.70658433
9s -0.27452672 1.2165027 0.8625854
9n -0.38257354 1.0519018 0.75831413
zj -1.0057747 0.90007913 0.44833997
z8 -0.38690293 1.2441664 0.8188914
t3 -0.06005316 0.92878395 0.9946259
o7 -0.38099152 0.7123797 0.70618135
7h -0.28444028 1.0776088 0.8428751
y6 -0.27774677 1.200147 0.88348794
4q -0.5392425 1.4671489 0.784722
5z -0.45663655 0.97073436 0.69287735
w4 -0.55313957 1.2540035 0.7079337
8u -0.4653746 1.250101 0.73071736
9x -0.52756715 1.2252247 0.70076525
0o -0.3784225 1.1629728 0.80143416
6j -0.50299597 1.4851782 0.77882737
q8 -0.3925162 1.1593904 0.76610214
2l -0.53611594 0.9810424 0.690694
z3 -0.45666954 1.2047544 0.74512374
2h -0.28833222 1.1365775 0.8258275
l8 -0.41952956 1.0979562 0.7537273
7z -0.41939384 1.2623961 0.7957766
y3 -0.44060707 0.60825884 0.66350794
p3 -0.60529613 0.18460353 0.5423618
9p -0.48582047 1.0477782 0.6956416
k5 -0.35058254 1.0240769 0.77013093
g0 -0.35355964 0.9600673 0.78118134
g2 -0.27518773 0.95852095 0.8541118
k6 -0.21519677 0.9233926 0.8622476
0j -0.46181828 1.3188833 0.7988322
i5 -0.29126254 1.1079603 0.8039528
g3 -0.29734713 0.9526423 0.7975731
0w -0.21586703 0.73765564 0.8392703
l5 -0.38724157 1.1119328 0.7660763
u3 -0.31644067 0.9137548 0.7709032
9y -0.53209853 1.0704302 0.68460286
x8 -0.4328304 0.8810155 0.72435725
x2 -0.4784463 1.2691078 0.7257032
h7 -0.3368507 1.0435153 0.7909213
3v -0.63766503 1.3449433 0.7220226
n6 -0.29525825 0.92751145 0.82007325
n0 -0.26313925 0.8170803 0.7441587
4g -0.5591909 0.9930347 0.6548578
p5 -0.3200926 1.3320934 0.81377834
k2 -0.26744646 0.93801177 0.8129194
7x -0.3393966 0.91612566 0.76273835
s6 -0.5465211 0.8712145 0.6403228
g6 -0.106584355 0.7817028 0.95335937
m3 -0.20851538 0.8939129 0.8781971
g7 -0.2574017 1.1350124 0.8693315
j4 -0.3960987 1.5134807 0.8741791
l3 -0.51919883 1.0247941 0.71092373
3m -0.48921698 0.69429433 0.60555077
u2 -0.35303146 1.1324452 0.8025208
z6 -0.3720491 1.066014 0.81328523
w9 -0.20285574 1.0115212 0.8810963
y9 -0.27706647 1.0212547 0.830862
2r -0.49213922 0.74149084 0.646003
j6 -0.338221 1.3767395 0.88769644
-s -2.5510716 -1.5556108 0.6633972
6y -0.49826843 1.0437653 0.67495793
x3 -0.37563467 0.9764518 0.75850236
z2 -0.37762657 1.0512545 0.7495382
9g -0.4151923 1.0879905 0.73640305
n7 -0.3156221 1.0042187 0.77779824
3q -0.61026955 1.3606191 0.727982
4n -0.4169124 1.0401404 0.7365093
7y -0.54955256 1.3052251 0.7323836
3y -0.70987403 1.3742564 0.6519938
7p -0.40968627 1.104781 0.72557116
m2 -0.42906946 1.0275761 0.71774876
q7 -0.3324211 1.1077213 0.8613416
p7 -0.43955123 1.0677416 0.7711727
2g -0.513276 1.1372621 0.6826412
g9 -0.5319609 1.2711102 0.716205
2s -0.362638 0.7375822 0.73001504
0n -0.4961146 0.88676935 0.6725022
p9 -0.19778293 1.0116513 0.8622582
3w -0.3405559 1.0537552 0.8114417
j0 -0.38835275 1.088938 0.74492925
r0 -0.45159918 1.2028533 0.7450762
t4 -0.31188014 0.64638186 0.7471754
4y -0.48692316 1.3754258 0.8043275
s0 -0.4822985 0.8860378 0.6858891
7k -0.6099607 1.0374364 0.64972365
q9 -0.24512896 1.2701457 0.84656525
7w -0.1388032 0.853539 0.94402647
6p -0.41288534 1.4567388 0.84552157
u5 -0.08558508 1.067369 0.9740802
j3 -0.3441575 1.3568364 0.8667041
6l -0.41713566 0.9570139 0.7460984
3p -0.63579917 1.1942844 0.6210899
x9 -0.34254518 1.1787071 0.7990372
8r -0.29782587 1.2917097 0.9223093
4r -0.46165344 1.0070255 0.66571844
0l -0.3114835 1.0516723 0.8182255
2q -0.4194349 1.0935149 0.73713434
w6 -0.15010609 0.96578276 0.9315182
2y -0.5069017 1.2342678 0.7244994
6o -0.28675693 0.9531027 0.7993681
h4 -0.40198287 1.3448193 0.8499994
h9 -0.28340673 1.2470646 0.86248064
4i 0.003309328 0.33812597 1.0377594
8h -0.25896394 0.8935672 0.7977567
l4 -0.24744675 0.97485554 0.8301876
p0 -0.37836882 0.9833213 0.71664137
l7 -0.43807763 0.98856616 0.7039829
-t -2.3499649 -1.6092958 0.74748755
2z -0.36718643 1.309262 0.85350317
o9 -0.41030028 1.0819126 0.7698815
k7 -0.36104697 0.98972404 0.7800954
v6 -0.30121636 1.075923 0.8285614
9j -0.51136667 1.147886 0.69377136
x4 -0.35071838 1.2496529 0.8312652
9k -0.5365468 1.1028111 0.69930524
l6 -0.26976544 0.9950359 0.8182601
u7 -0.46002066 1.0355887 0.69846237
5o -0.35175458 1.2208035 0.8621698
u6 -0.39777398 1.0340004 0.7822372
5k -0.28154022 0.77993345 0.8077926
m8 -0.53970546 1.4767284 0.7925581
r4 -0.29723403 1.4436512 0.9748939
q0 -0.31119668 1.2366476 0.8354955
z5 -0.2778923 1.5032147 0.96403766
u4 -0.5179478 1.3659534 0.7885218
h5 -0.52651966 1.1778446 0.74099743
i6 -0.2341575 0.9937897 0.86061835
t5 -0.4703542 1.2416823 0.77285933
5r -0.38569674 1.0769461 0.7590195
h0 -0.44421184 1.245848 0.7776029
w2 -0.24279962 1.0719872 0.8999257
4v -0.3942693 1.145431 0.75292456
8s -0.1462769 0.62066233 0.9142734
n2 -0.4024507 1.166796 0.76424617
s4 -0.43537816 0.948452 0.72295994
0r -0.4109625 1.0044466 0.7435422
0m -0.3951426 0.7848229 0.6959925
o8 -0.39104098 0.81515014 0.74869084
p4 -0.50622106 1.0488143 0.7313795
o0 -0.19773734 0.9272523 0.8694008
9u -0.55227214 0.96325827 0.6441823
8y -0.4243455 1.0610054 0.73785937
3i -0.17334771 0.36158007 0.85365856
h8 -0.41700375 0.9929602 0.7687068
5x -0.6321715 1.196724 0.6565335
4k -0.3220386 0.9832411 0.78111434
0u -0.6270638 1.2594345 0.6684791
v3 -0.225969 1.0229498 0.88904667
q6 -0.3417887 1.386489 0.80859256
7q -0.50667685 1.3743894 0.74980676
7g -0.47505903 1.2042724 0.7492451
x7 -0.4524842 1.1964482 0.7801742
l0 -0.18510816 0.910393 0.89994967
8g -0.4630615 1.373235 0.7861003
7m -0.45746642 0.95554936 0.7065676
p8 -0.18247843 0.83948743 0.87716085
y8 -0.37196648 1.1129386 0.75942886
8z -0.4218312 1.141973 0.76332843
7v -0.55652875 1.3959749 0.77741385
j8 -0.30253688 1.2140154 0.85262257
8q -0.45398477 1.3495965 0.7987243
r5 -0.4776158 1.0437394 0.7199314
o3 -0.5030688 0.8211615 0.6196119
4p -0.51877785 1.1244918 0.67416847
4l -0.41988567 0.8174221 0.686932
8j -0.52655274 1.4823493 0.8009449
6v -0.63833296 1.1850125 0.6505077
l2 -0.4679402 0.89705044 0.68033594
l9 -0.31788397 0.7763138 0.76685035
z7 -0.47946095 1.4674547 0.79777396
8o -0.31570184 1.1888872 0.82291824
0x -0.46683556 0.94865227 0.7021345
o4 -0.47118586 1.0342989 0.7150725
w0 -0.21320769 1.2365019 0.9754757
6q -0.58770674 1.1566278 0.6097811
9q -0.3128944 1.428192 0.91694176
2p -0.3886875 0.8160628 0.7063635
8k -0.43144178 1.0148405 0.7599238
t9 -0.38103327 0.9298337 0.7112204
t8 -0.2420111 1.0006967 0.8235768
t6 -0.41582224 1.2044783 0.7787697
4w -0.28095788 0.96234417 0.83361804
8x -0.54983217 1.5040389 0.7499515
6s -0.08559217 0.72148097 0.90378875
j2 -0.3997058 1.2397947 0.7971791
k3 -0.46439353 1.2526826 0.75239944
k0 -0.20720303 1.0666065 0.90002143
s3 -0.43363816 0.9675059 0.68001807
q2 -0.4142974 1.2812762 0.8001837
v0 -0.3110667 1.2490371 0.8872357
v7 -0.3771336 1.145875 0.77936125
r8 -0.09950459 0.9343555 0.9692727
i8 -0.40704113 0.9717937 0.72682846
p2 -0.5336672 1.1332324 0.72663784
q3 -0.44691652 1.0642688 0.7226513
v4 -0.2730313 1.0892568 0.86104304
u0 -0.41074 1.1512458 0.7865245
h6 -0.48429784 1.183293 0.74961114
3g -0.61492354 1.1575054 0.6670509
s- -2.2534852 -1.6496243 0.7265189
-c -1.7143326 -1.7137158 0.8832245
2k -0.4172322 1.0368261 0.7570747
5g -0.41061306 1.2571945 0.7907964
o5 -0.35809073 0.93521076 0.7912818
s9 -0.42052025 1.0588145 0.72316813
n8 -0.33404493 0.9178206 0.71720713
n3 -0.37382078 1.0481777 0.74404
q4 -0.19333036 0.8910152 0.8058835
4m -0.5021256 0.99197376 0.69612354
6g -0.6454535 1.0302917 0.6288815
j9 -0.29167053 1.2325306 0.8397542
9m -0.47743136 0.7016593 0.6760023
t0 -0.05329949 0.8692896 0.96444464
i4 -0.6191061 1.4054391 0.6913364
r7 -0.37166104 1.0525569 0.7440066
5m -0.26544768 0.989199 0.872715
2x -0.49153674 1.2655704 0.7666098
0v -0.72054696 1.2068529 0.6187728
3x -0.5384283 1.320345 0.6977786
7u -0.48844802 1.0917907 0.7119974
2j -0.37828454 1.2366254 0.85937655
m6 -0.37964302 0.99839014 0.77440906
0y -0.45365477 1.2308567 0.78816485
6m -0.53446305 0.921113 0.66559666
5l -0.7166221 0.9878558 0.60985374
4z -0.42867416 1.5090138 0.90041
r3 -0.5844885 0.92880815 0.6091228
8m -0.61716884 0.6292535 0.554024
n4 -0.27082253 0.7601944 0.78558594
3u -0.61994267 1.1548074 0.65062314
w7 -0.46709028 0.96342254 0.6855841
5j -0.50401187 1.1074449 0.7094314
z0 -0.4497274 1.3356528 0.7766618
x5 -0.32463333 0.9638221 0.7981802
i3 -0.71876276 1.0291758 0.59044516
8p -0.5939887 1.3315711 0.7120774
9v -0.64849603 1.0331339 0.61332387
y4 -0.16111937 1.0259179 0.96971536
0g -0.238416 1.112386 0.89626837
r9 -0.30631387 1.2005372 0.856701
8l -0.40755734 0.89183295 0.71860033
x0 -0.19424488 0.9805541 0.8875997
h3 -0.4645291 1.0266999 0.7216698
s8 -0.48516172 1.0074748 0.6890166
v2 -0.4436974 1.1737931 0.7533527
4j -0.48860887 1.2599993 0.74694425
-m -1.6798946 -1.3031517 0.7161611
s7 -0.2032932 0.7310124 0.852746
5y -0.52570754 1.2737744 0.76339144
v8 -0.5080196 1.3629134 0.7599502
a- -2.2369318 -1.459966 0.6239209
m4 -0.29053995 0.53133905 0.790063
w5 -0.28821614 1.1176981 0.8491045
-a -2.459482 -1.6100931 0.705559
9l -0.3968472 0.969947 0.7603768
m9 -0.49538922 1.1460612 0.735088
5p -0.4219998 0.94138116 0.74446315
5q -0.568312 1.2224107 0.7310484
0k -0.28271186 0.8538533 0.8341684
p6 -0.574512 1.205476 0.69768345
t7 -0.47810903 1.15438 0.7269758
v5 -0.4546807 1.0859705 0.7350009
g4 -0.3099028 1.2011335 0.90720844
h2 -0.4988811 1.1770942 0.7114433
8v -0.4775967 1.2329618 0.74034667
y5 -0.21007344 1.030975 0.8817078
q5 -0.28806993 1.2370995 0.9273058
z4 -0.5638552 1.097134 0.65512335
5u -0.6345761 1.4565581 0.6962664
j5 -0.20585747 1.4177773 0.97267485
l- -1.8998722 -1.8975997 0.9010108
0z -0.6265913 1.5391403 0.7535931
2u -0.4526526 1.2346673 0.742159
4x -0.3691572 1.2011964 0.8368305
7j -0.45934218 1.3735708 0.761777
7r -0.55164546 1.0000622 0.65971875
6u -0.52267677 1.2407362 0.71494436
6x -0.45875347 1.19475 0.7321255
0q -0.373589 1.0155381 0.7922195
7l -0.3753028 1.0949638 0.7799773
3r -0.35987967 1.0868859 0.81938225
0p -0.49830544 1.1083863 0.66661733
-e -2.424889 -1.3916683 0.62510675
5v -0.7399591 1.5467612 0.6828983
n- -1.6120572 -1.3376604 0.7141811
-r -1.9054747 -1.6153255 0.7846385
-o -1.4909596 -1.5332832 0.8574003
y0 -0.41454947 1.2712082 0.8186242
6r -0.3946184 1.4599013 0.83010143
9z -0.5607775 1.5073127 0.7294431
i0 -0.24884118 1.2853668 0.97012395
6z -0.405152 1.5600815 0.934198
2v -0.447379 1.5077015 0.84606874
9r -0.5042185 1.0859263 0.7305838
-f -2.014644 -1.4781182 0.70783406
-d -1.6391852 -1.693056 0.9063684
-p -2.0105906 -1.3535887 0.63967156
3z -0.6440096 1.257885 0.67474234
o- -1.9614544 -1.4469459 0.6971474
3l -0.44125932 0.7958025 0.6986254
d- -1.4348664 -1.5488873 0.79163635
3k -0.38310432 0.93078566 0.8022985
p- -1.5337003 -1.185614 0.6660211
y- -1.7589517 -1.1368747 0.5690695
-i -1.2310245 -1.0762806 0.6535577
m- -1.238266 -1.6165396 0.9162204
r- -1.9104756 -1.4359868 0.669606
-l -1.9453392 -1.5356054 0.6851242
-b -1.5575308 -1.3668888 0.70187604
-n -1.6866477 -1.551369 0.7829589
-g -1.8151617 -1.3344165 0.6452399
g- -1.7134554 -1.3745686 0.6762309
-h -1.2111939 -1.1794822 0.6873669
-y -1.7213813 -1.2217467 0.67679644
-w -1.2542412 -1.5033073 0.8494985
f- -1.1524589 -1.2278697 0.72701067
